1011   1010
1012   1010
1013   1010
1013   1012
1014   1010
1015   1010
1015   1012
1015   1013
1016   1010
1016   1012
1018   1010
1019   1010
1019   1014
1021   1020
1022   1020
1022   1021
1023   1020
1024   1020
1025   1020
1025   1022
1026   1020
1028   1020
1028   1021
1029   1020
1051   1050
1052   1050
1053   1050
1054   1050
1055   1050
1056   1050
1056   1051
1057   1050
1058   1050
1059   1050
1059   1057
1071   1070
1072   1070
1073   1070
1074   1070
1074   1071
1075   1070
1075   1074
1076   1070
1077   1070
1077   1073
1078   1070
1079   1070
1081   1080
1082   1080
1083   1080
1084   1080
1084   1082
1085   1080
1086   1080
1087   1080
1088   1080
1089   1080
1089   1083
1091   1090
1092   1090
1093   1090
1093   1092
1095   1090
1096   1090
1096   1095
1097   1090
1098   1090
1098   1097
1099   1090
1099   1091
1101   1100
1102   1100
1103   1100
1104   1100
1105   1100
1106   1100
1107   1100
1107   1102
1108   1100
1108   1104
1109   1100
1121   1120
1122   1120
1123   1120
1124   1120
1125   1120
1126   1120
1127   1120
1128   1120
1128   1125
1129   1120
1129   1121
1131   1130
1132   1130
1133   1130
1134   1130
1135   1130
1136   1130
1136   1131
1137   1130
1137   1132
1139   1130
1151   1150
1152   1150
1153   1150
1154   1150
1155   1150
1155   1154
1156   1150
1157   1150
1158   1150
1159   1150
1159   1152
1161   1160
1162   1160
1162   1161
1163   1160
1164   1160
1165   1160
1165   1161
1166   1160
1167   1160
1168   1160
1169   1160
1169   1168
1171   1170
1172   1170
1173   1170
1174   1170
1175   1170
1176   1170
1177   1170
1177   1176
1178   1170
1179   1170
1179   1175
1201   1200
1202   1200
1203   1200
1204   1200
1205   1200
1206   1200
1207   1200
1211   1210
1212   1210
1213   1210
1214   1210
1215   1210
1216   1210
1217   1210
1218   1210
1218   1211
1219   1210
1219   1214
1221   1220
1222   1220
1223   1220
1224   1220
1225   1220
1225   1223
1226   1220
1227   1220
1227   1226
1228   1220
1229   1220
1251   1250
1252   1250
1253   1250
1254   1250
1255   1250
1256   1250
1256   1255
1257   1250
1257   1251
1257   1256
1258   1250
1258   1255
1258   1256
1259   1250
1261   1260
1262   1260
1263   1260
1264   1260
1265   1260
1266   1260
1267   1260
1267   1262
1268   1260
1269   1260
1269   1266
1271   1270
1272   1270
1273   1270
1273   1272
1274   1270
1275   1270
1277   1270
1277   1272
1281   1280
1282   1280
1283   1280
1284   1280
1285   1280
1286   1280
1286   1285
1287   1280
1288   1280
1288   1287
1289   1280
1289   1287
1289   1288
1311   1310
1312   1310
1313   1310
1314   1310
1315   1310
1316   1310
1317   1310
1318   1310
1318   1312
1319   1310
1341   1340
1342   1340
1343   1340
1344   1340
1344   1343
1345   1340
1346   1340
1346   1342
1347   1340
1348   1340
1348   1342
1348   1346
1349   1340
1349   1345
1371   1370
1372   1370
1373   1370
1373   1371
1374   1370
1375   1370
1376   1370
1378   1370
1379   1370
1381   1380
1382   1380
1383   1380
1384   1380
1385   1380
1385   1382
1386   1380
1387   1380
1387   1382
1387   1385
1388   1380
1388   1387
1389   1380
1391   1390
1392   1390
1392   1391
1393   1390
1394   1390
1395   1390
1396   1390
1397   1390
1399   1390
1401   1400
1402   1400
1403   1400
1403   1401
1404   1400
1405   1400
1406   1400
1407   1400
1408   1400
1408   1407
1409   1400
1451   1450
1452   1450
1452   1451
1453   1450
1454   1450
1455   1450
1456   1450
1457   1450
1458   1450
1458   1453
1459   1450
1459   1458
1461   1460
1462   1460
1463   1460
1464   1460
1465   1460
1466   1460
1466   1465
1467   1460
1467   1461
1468   1460
1469   1460
1469   1464
1471   1470
1472   1470
1473   1470
1475   1470
1476   1470
1477   1470
1477   1475
1478   1470
1479   1470
1481   1480
1482   1480
1482   1481
1483   1480
1484   1480
1485   1480
1488   1480
1488   1483
1489   1480
1501   1500
1502   1500
1503   1500
1504   1500
1504   1502
1505   1500
1506   1500
1507   1500
1508   1500
1508   1506
1509   1500
1509   1503
1521   1520
1522   1520
1522   1521
1524   1520
1524   1521
1524   1522
1525   1520
1526   1520
1527   1520
1528   1520
1529   1520
1529   1527
1531   1530
1532   1530
1533   1530
1534   1530
1535   1530
1536   1530
1536   1535
1537   1530
1537   1531
1538   1530
1539   1530
1539   1532
1541   1540
1542   1540
1543   1540
1544   1540
1545   1540
1546   1540
1546   1545
1547   1540
1547   1545
1548   1540
1549   1540
1549   1545
1549   1547
1551   1550
1552   1550
1553   1550
1554   1550
1554   1552
1555   1550
1556   1550
1557   1550
1557   1553
1558   1550
1558   1552
1559   1550
1559   1558
1561   1560
1562   1560
1562   1561
1563   1560
1564   1560
1565   1560
1566   1560
1567   1560
1568   1560
1568   1564
1581   1580
1582   1580
1583   1580
1584   1580
1585   1580
1586   1580
1587   1580
1587   1581
1587   1583
1587   1586
1588   1580
1588   1584
1589   1580
1591   1590
1592   1590
1593   1590
1594   1590
1595   1590
1596   1590
1597   1590
1598   1590
1598   1591
1599   1590
1601   1600
1602   1600
1603   1600
1604   1600
1605   1600
1605   1603
1606   1600
1606   1602
1606   1604
1607   1600
1608   1600
1608   1606
1609   1600
1609   1602
1611   1610
1612   1610
1613   1610
1613   1612
1614   1610
1614   1611
1615   1610
1616   1610
1616   1612
1616   1613
1618   1610
1618   1611
1619   1610
1619   1611
1619   1615
1621   1620
1622   1620
1623   1620
1624   1620
1625   1620
1626   1620
1627   1620
1628   1620
1628   1626
1629   1620
1629   1624
1629   1625
1641   1640
1642   1640
1643   1640
1643   1641
1645   1640
1645   1641
1646   1640
1647   1640
1647   1641
1647   1643
1648   1640
1648   1641
1649   1640
1649   1645
1651   1650
1652   1650
1653   1650
1654   1650
1655   1650
1656   1650
1658   1650
1659   1650
1659   1655
1661   1660
1662   1660
1662   1661
1663   1660
1664   1660
1665   1660
1667   1660
1668   1660
1668   1665
1668   1667
1669   1660
1669   1663
1671   1670
1672   1670
1673   1670
1674   1670
1675   1670
1675   1674
1676   1670
1676   1673
1677   1670
1677   1675
1678   1670
1679   1670
1731   1730
1732   1730
1733   1730
1734   1730
1735   1730
1736   1730
1737   1730
1738   1730
1739   1730
1739   1733
1741   1740
1742   1740
1743   1740
1744   1740
1744   1741
1745   1740
1747   1740
1748   1740
1748   1745
1749   1740
1749   1745
1751   1750
1752   1750
1753   1750
1755   1750
1756   1750
1756   1751
1757   1750
1758   1750
1758   1751
1759   1750
1759   1758
1761   1760
1762   1760
1763   1760
1763   1761
1764   1760
1765   1760
1766   1760
1767   1760
1768   1760
1769   1760
1769   1761
1769   1763
1771   1770
1772   1770
1773   1770
1774   1770
1774   1772
1775   1770
1776   1770
1776   1772
1777   1770
1778   1770
1779   1770
1779   1778
1781   1780
1782   1780
1782   1781
1783   1780
1784   1780
1785   1780
1786   1780
1787   1780
1788   1780
1789   1780
1801   1800
1802   1800
1803   1800
1804   1800
1804   1802
1805   1800
1806   1800
1807   1800
1808   1800
1809   1800
1809   1801
1821   1820
1822   1820
1822   1821
1823   1820
1824   1820
1825   1820
1826   1820
1827   1820
1828   1820
1828   1825
1829   1820
1861   1860
1862   1860
1863   1860
1864   1860
1865   1860
1866   1860
1867   1860
1868   1860
1869   1860
1871   1870
1872   1870
1873   1870
1874   1870
1875   1870
1875   1871
1875   1874
1876   1870
1876   1871
1877   1870
1879   1870
1879   1873
1879   1875
1881   1880
1882   1880
1883   1880
1884   1880
1884   1883
1885   1880
1886   1880
1887   1880
1887   1883
1887   1884
1888   1880
1889   1880
1889   1884
1889   1886
1911   1910
1912   1910
1913   1910
1913   1912
1914   1910
1915   1910
1916   1910
1917   1910
1917   1912
1917   1913
1918   1910
1918   1915
1919   1910
1921   1920
1922   1920
1922   1921
1923   1920
1924   1920
1924   1922
1925   1920
1926   1920
1927   1920
1927   1926
1928   1920
1929   1920
1929   1927
1931   1930
1932   1930
1934   1930
1936   1930
1936   1931
1937   1930
1938   1930
1939   1930
1939   1938
1941   1940
1942   1940
1943   1940
1944   1940
1945   1940
1946   1940
1947   1940
1948   1940
1949   1940
1949   1943
1949   1945
1949   1947
1991   1990
1992   1990
1992   1991
1994   1990
1995   1990
1997   1990
1998   1990
1999   1990
2001   2000
2002   2000
2003   2000
2003   2002
2004   2000
2005   2000
2006   2000
2007   2000
2007   2006
2008   2000
2008   2002
2008   2003
2011   2010
2012   2010
2013   2010
2014   2010
2015   2010
2015   2014
2016   2010
2017   2010
2017   2012
2018   2010
2018   2014
2018   2015
2019   2010
2019   2016
2061   2060
2062   2060
2063   2060
2063   2061
2064   2060
2067   2060
2068   2060
2069   2060
2081   2080
2082   2080
2083   2080
2083   2081
2084   2080
2085   2080
2086   2080
2086   2082
2087   2080
2087   2081
2087   2082
2087   2086
2088   2080
2089   2080
2091   2090
2092   2090
2093   2090
2094   2090
2094   2091
2095   2090
2096   2090
2097   2090
2097   2096
2098   2090
2099   2090
2111   2110
2112   2110
2112   2111
2113   2110
2114   2110
2115   2110
2116   2110
2117   2110
2117   2115
2118   2110
2119   2110
2131   2130
2132   2130
2133   2130
2134   2130
2135   2130
2135   2133
2136   2130
2136   2132
2137   2130
2138   2130
2138   2131
2138   2134
2138   2136
2139   2130
2139   2131
2139   2138
2141   2140
2142   2140
2143   2140
2144   2140
2144   2142
2145   2140
2147   2140
2148   2140
2149   2140
2149   2148
2171   2170
2172   2170
2173   2170
2173   2171
2174   2170
2174   2171
2175   2170
2176   2170
2176   2174
2177   2170
2178   2170
2179   2170
2191   2190
2192   2190
2193   2190
2193   2191
2194   2190
2195   2190
2196   2190
2196   2194
2197   2190
2197   2195
2198   2190
2199   2190
2199   2193
2211   2210
2212   2210
2213   2210
2214   2210
2214   2212
2215   2210
2216   2210
2216   2213
2218   2210
2218   2215
2219   2210
2219   2211
2241   2240
2242   2240
2243   2240
2243   2242
2244   2240
2245   2240
2245   2243
2246   2240
2246   2241
2247   2240
2248   2240
2251   2250
2252   2250
2253   2250
2254   2250
2255   2250
2256   2250
2257   2250
2257   2255
2258   2250
2258   2252
2259   2250
2261   2260
2262   2260
2263   2260
2264   2260
2265   2260
2266   2260
2267   2260
2269   2260
2291   2290
2292   2290
2293   2290
2294   2290
2295   2290
2295   2294
2296   2290
2297   2290
2298   2290
2298   2294
2298   2295
2299   2290
2321   2320
2322   2320
2323   2320
2324   2320
2325   2320
2326   2320
2327   2320
2328   2320
2329   2320
2331   2330
2332   2330
2333   2330
2334   2330
2335   2330
2336   2330
2337   2330
2338   2330
2339   2330
2339   2331
2339   2332
2339   2338
2341   2340
2342   2340
2343   2340
2343   2341
2344   2340
2345   2340
2346   2340
2347   2340
2348   2340
2348   2341
2349   2340
2349   2342
2361   2360
2362   2360
2363   2360
2364   2360
2365   2360
2366   2360
2367   2360
2367   2364
2368   2360
2371   2370
2372   2370
2373   2370
2374   2370
2375   2370
2376   2370
2377   2370
2381   2380
2382   2380
2383   2380
2383   2382
2384   2380
2385   2380
2386   2380
2386   2385
2387   2380
2388   2380
2391   2390
2392   2390
2393   2390
2394   2390
2395   2390
2396   2390
2397   2390
2398   2390
2399   2390
2399   2394
2401   2400
2402   2400
2403   2400
2404   2400
2405   2400
2406   2400
2407   2400
2408   2400
2409   2400
2409   2408
2411   2410
2413   2410
2414   2410
2415   2410
2416   2410
2417   2410
2418   2410
2418   2413
2419   2410
2419   2411
2421   2420
2422   2420
2423   2420
2424   2420
2425   2420
2426   2420
2427   2420
2427   2421
2428   2420
2428   2427
2429   2420
2441   2440
2442   2440
2443   2440
2444   2440
2444   2441
2445   2440
2446   2440
2446   2441
2447   2440
2448   2440
2461   2460
2462   2460
2463   2460
2464   2460
2464   2461
2465   2460
2466   2460
2466   2461
2467   2460
2467   2463
2468   2460
2469   2460
2471   2470
2472   2470
2473   2470
2474   2470
2475   2470
2476   2470
2477   2470
2478   2470
2479   2470
2479   2474
2479   2476
2481   2480
2482   2480
2483   2480
2484   2480
2485   2480
2487   2480
2488   2480
2489   2480
2489   2485
2489   2488
2501   2500
2502   2500
2503   2500
2503   2501
2506   2500
2507   2500
2508   2500
2509   2500
2521   2520
2522   2520
2523   2520
2524   2520
2526   2520
2526   2524
2527   2520
2528   2520
2529   2520
2529   2527
2531   2530
2532   2530
2533   2530
2534   2530
2535   2530
2535   2534
2536   2530
2537   2530
2537   2534
2538   2530
2539   2530
2551   2550
2552   2550
2553   2550
2553   2552
2554   2550
2555   2550
2556   2550
2557   2550
2558   2550
2558   2557
2559   2550
2561   2560
2562   2560
2563   2560
2564   2560
2565   2560
2566   2560
2567   2560
2567   2562
2568   2560
2568   2561
2569   2560
2581   2580
2582   2580
2583   2580
2584   2580
2585   2580
2586   2580
2587   2580
2587   2585
2588   2580
2589   2580
2589   2584
2591   2590
2592   2590
2594   2590
2594   2591
2594   2592
2595   2590
2597   2590
2598   2590
2598   2594
2599   2590
2599   2598
2601   2600
2602   2600
2603   2600
2603   2601
2604   2600
2605   2600
2606   2600
2606   2602
2607   2600
2607   2602
2608   2600
2608   2604
2609   2600
2631   2630
2632   2630
2633   2630
2635   2630
2635   2632
2636   2630
2637   2630
2638   2630
2638   2635
2639   2630
2639   2631
2651   2650
2652   2650
2653   2650
2654   2650
2655   2650
2656   2650
2657   2650
2658   2650
2658   2655
2659   2650
2659   2654
2711   2710
2712   2710
2713   2710
2714   2710
2714   2713
2715   2710
2715   2713
2715   2714
2716   2710
2716   2713
2716   2714
2716   2715
2717   2710
2718   2710
2719   2710
2719   2714
2721   2720
2722   2720
2723   2720
2724   2720
2725   2720
2725   2721
2725   2722
2726   2720
2727   2720
2728   2720
2729   2720
2729   2722
2731   2730
2732   2730
2733   2730
2734   2730
2735   2730
2735   2732
2736   2730
2737   2730
2738   2730
2738   2732
2739   2730
2739   2733
2751   2750
2752   2750
2753   2750
2754   2750
2755   2750
2756   2750
2756   2753
2757   2750
2758   2750
2759   2750
2759   2752
2771   2770
2772   2770
2773   2770
2774   2770
2775   2770
2775   2774
2776   2770
2778   2770
2778   2774
2778   2776
2779   2770
2779   2772
2791   2790
2792   2790
2793   2790
2793   2792
2794   2790
2795   2790
2796   2790
2797   2790
2797   2792
2797   2793
2799   2790
2851   2850
2852   2850
2853   2850
2854   2850
2855   2850
2856   2850
2857   2850
2857   2855
2858   2850
2859   2850
2859   2854
2891   2890
2892   2890
2893   2890
2894   2890
2895   2890
2896   2890
2896   2891
2897   2890
2898   2890
2911   2910
2912   2910
2913   2910
2914   2910
2915   2910
2916   2910
2916   2915
2917   2910
2917   2911
2918   2910
2919   2910
2921   2920
2922   2920
2923   2920
2924   2920
2925   2920
2926   2920
2927   2920
2928   2920
2929   2920
2931   2930
2932   2930
2933   2930
2934   2930
2935   2930
2936   2930
2937   2930
2937   2935
2938   2930
2938   2937
2939   2930
2961   2960
2962   2960
2963   2960
2964   2960
2965   2960
2965   2963
2965   2964
2966   2960
2967   2960
2967   2962
2968   2960
2968   2961
2969   2960
2969   2963
2981   2980
2982   2980
2984   2980
2986   2980
2986   2984
2987   2980
2988   2980
2988   2984
2988   2986
2989   2980
2991   2990
2992   2990
2993   2990
2994   2990
2995   2990
2996   2990
2996   2993
2997   2990
2998   2990
2998   2993
3011   3010
3012   3010
3013   3010
3013   3012
3014   3010
3014   3012
3014   3013
3015   3010
3016   3010
3017   3010
3017   3011
3018   3010
3019   3010
3031   3030
3032   3030
3033   3030
3034   3030
3035   3030
3036   3030
3037   3030
3038   3030
3038   3037
3039   3030
3061   3060
3062   3060
3063   3060
3064   3060
3065   3060
3065   3063
3066   3060
3067   3060
3068   3060
3068   3063
3069   3060
3071   3070
3072   3070
3073   3070
3074   3070
3075   3070
3076   3070
3077   3070
3078   3070
3078   3072
3079   3070
3079   3071
3081   3080
3082   3080
3083   3080
3084   3080
3084   3081
3085   3080
3086   3080
3087   3080
3088   3080
3088   3081
3088   3084
3089   3080
3089   3085
3091   3090
3092   3090
3093   3090
3094   3090
3094   3092
3095   3090
3096   3090
3099   3090
3099   3094
3111   3110
3112   3110
3113   3110
3113   3112
3114   3110
3115   3110
3116   3110
3116   3113
3117   3110
3117   3114
3118   3110
3118   3114
3118   3117
3119   3110
3121   3120
3122   3120
3123   3120
3124   3120
3125   3120
3126   3120
3127   3120
3128   3120
3129   3120
3129   3122
3151   3150
3152   3150
3153   3150
3153   3151
3154   3150
3155   3150
3156   3150
3157   3150
3157   3151
3157   3153
3159   3150
3161   3160
3162   3160
3163   3160
3164   3160
3165   3160
3165   3163
3166   3160
3167   3160
3168   3160
3168   3166
3169   3160
3169   3164
3181   3180
3182   3180
3183   3180
3184   3180
3185   3180
3185   3182
3186   3180
3187   3180
3189   3180
3189   3187
3201   3200
3202   3200
3202   3201
3203   3200
3204   3200
3205   3200
3206   3200
3207   3200
3207   3202
3208   3200
3209   3200
3209   3204
3211   3210
3212   3210
3213   3210
3213   3211
3214   3210
3215   3210
3216   3210
3217   3210
3217   3211
3217   3213
3218   3210
3219   3210
3219   3215
3221   3220
3222   3220
3223   3220
3224   3220
3225   3220
3226   3220
3226   3225
3227   3220
3228   3220
3228   3222
3229   3220
3229   3227
3251   3250
3253   3250
3254   3250
3256   3250
3257   3250
3258   3250
3259   3250
3261   3260
3262   3260
3263   3260
3264   3260
3265   3260
3265   3263
3266   3260
3266   3263
3266   3264
3267   3260
3267   3263
3268   3260
3269   3260
3281   3280
3282   3280
3283   3280
3284   3280
3285   3280
3286   3280
3287   3280
3288   3280
3289   3280
3289   3288
3291   3290
3292   3290
3293   3290
3294   3290
3295   3290
3295   3291
3296   3290
3297   3290
3297   3293
3297   3295
3299   3290
3299   3292
3311   3310
3312   3310
3313   3310
3314   3310
3314   3313
3315   3310
3316   3310
3317   3310
3318   3310
3319   3310
3331   3330
3332   3330
3333   3330
3334   3330
3335   3330
3336   3330
3336   3331
3337   3330
3338   3330
3339   3330
3339   3338
3341   3340
3342   3340
3343   3340
3344   3340
3345   3340
3346   3340
3346   3343
3347   3340
3347   3344
3348   3340
3349   3340
3351   3350
3352   3350
3353   3350
3354   3350
3355   3350
3356   3350
3357   3350
3357   3354
3358   3350
3359   3350
3361   3360
3362   3360
3363   3360
3364   3360
3365   3360
3365   3363
3366   3360
3367   3360
3367   3365
3369   3360
3371   3370
3372   3370
3373   3370
3374   3370
3375   3370
3376   3370
3376   3373
3377   3370
3378   3370
3379   3370
3381   3380
3382   3380
3383   3380
3384   3380
3384   3383
3385   3380
3386   3380
3387   3380
3387   3384
3388   3380
3389   3380
3421   3420
3422   3420
3423   3420
3424   3420
3425   3420
3425   3424
3426   3420
3427   3420
3427   3422
3428   3420
3429   3420
3429   3426
3441   3440
3442   3440
3443   3440
3444   3440
3445   3440
3446   3440
3447   3440
3448   3440
3448   3444
3449   3440
3449   3447
3501   3500
3502   3500
3503   3500
3504   3500
3505   3500
3505   3501
3506   3500
3507   3500
3507   3504
3507   3506
3508   3500
3509   3500
3509   3508
3521   3520
3522   3520
3523   3520
3523   3521
3524   3520
3525   3520
3526   3520
3527   3520
3528   3520
3528   3526
3529   3520
3531   3530
3532   3530
3533   3530
3534   3530
3535   3530
3535   3533
3536   3530
3536   3533
3536   3535
3537   3530
3538   3530
3538   3531
3538   3534
3539   3530
3539   3531
3541   3540
3542   3540
3543   3540
3543   3542
3544   3540
3544   3543
3545   3540
3546   3540
3547   3540
3548   3540
3549   3540
3549   3544
3551   3550
3552   3550
3552   3551
3553   3550
3553   3552
3554   3550
3554   3553
3556   3550
3559   3550
3591   3590
3592   3590
3593   3590
3594   3590
3595   3590
3595   3592
3596   3590
3597   3590
3597   3594
3598   3590
3599   3590
3599   3598
3601   3600
3602   3600
3602   3601
3603   3600
3605   3600
3605   3603
3606   3600
3608   3600
3609   3600
3621   3620
3622   3620
3623   3620
3624   3620
3625   3620
3625   3622
3626   3620
3629   3620
3631   3630
3632   3630
3633   3630
3634   3630
3634   3632
3635   3630
3635   3632
3636   3630
3637   3630
3639   3630
3641   3640
3642   3640
3643   3640
3644   3640
3645   3640
3646   3640
3647   3640
3648   3640
3648   3641
3648   3642
3649   3640
3649   3648
3651   3650
3652   3650
3653   3650
3654   3650
3655   3650
3656   3650
3657   3650
3657   3654
3658   3650
3661   3660
3662   3660
3662   3661
3663   3660
3663   3662
3664   3660
3665   3660
3666   3660
3666   3663
3667   3660
3667   3662
3668   3660
3668   3662
3668   3667
3669   3660
3669   3665
3671   3670
3672   3670
3673   3670
3674   3670
3675   3670
3676   3670
3676   3672
3677   3670
3678   3670
3679   3670
3741   3740
3742   3740
3743   3740
3744   3740
3745   3740
3745   3742
3746   3740
3746   3743
3747   3740
3748   3740
3748   3746
3749   3740
3749   3747
3751   3750
3752   3750
3753   3750
3754   3750
3754   3752
3755   3750
3756   3750
3756   3753
3757   3750
3758   3750
3758   3755
3759   3750
3781   3780
3782   3780
3783   3780
3784   3780
3785   3780
3786   3780
3786   3784
3787   3780
3787   3784
3788   3780
3789   3780
3789   3784
3801   3800
3802   3800
3803   3800
3804   3800
3804   3803
3805   3800
3806   3800
3807   3800
3807   3805
3808   3800
3809   3800
3831   3830
3832   3830
3833   3830
3834   3830
3835   3830
3836   3830
3836   3832
3837   3830
3838   3830
3838   3831
3839   3830
3839   3834
3841   3840
3842   3840
3843   3840
3844   3840
3844   3842
3845   3840
3847   3840
3848   3840
3849   3840
3849   3843
3851   3850
3852   3850
3853   3850
3854   3850
3854   3853
3855   3850
3856   3850
3857   3850
3858   3850
3859   3850
3861   3860
3862   3860
3863   3860
3864   3860
3864   3862
3866   3860
3869   3860
3871   3870
3872   3870
3873   3870
3874   3870
3875   3870
3876   3870
3876   3875
3877   3870
3877   3874
3878   3870
3879   3870
3891   3890
3892   3890
3894   3890
3895   3890
3896   3890
3898   3890
3899   3890
3911   3910
3912   3910
3913   3910
3914   3910
3915   3910
3916   3910
3916   3911
3918   3910
3919   3910
3921   3920
3922   3920
3924   3920
3925   3920
3926   3920
3927   3920
3928   3920
3951   3950
3952   3950
3953   3950
3954   3950
3955   3950
3956   3950
3957   3950
3957   3952
3959   3950
3961   3960
3962   3960
3963   3960
3963   3962
3964   3960
3965   3960
3966   3960
3966   3962
3966   3963
3967   3960
3968   3960
3969   3960
3971   3970
3972   3970
3973   3970
3973   3972
3974   3970
3974   3972
3975   3970
3976   3970
3976   3971
3977   3970
3978   3970
3979   3970
3979   3978
3981   3980
3982   3980
3983   3980
3984   3980
3985   3980
3986   3980
3988   3980
3988   3985
3989   3980
3989   3982
3991   3990
3992   3990
3993   3990
3995   3990
3995   3991
3997   3990
3998   3990
4001   4000
4002   4000
4003   4000
4004   4000
4005   4000
4006   4000
4007   4000
4008   4000
4009   4000
4011   4010
4012   4010
4013   4010
4013   4012
4014   4010
4015   4010
4016   4010
4017   4010
4017   4011
4018   4010
4018   4014
4019   4010
4031   4030
4032   4030
4033   4030
4034   4030
4036   4030
4036   4032
4037   4030
4037   4033
4039   4030
4039   4033
4051   4050
4052   4050
4053   4050
4053   4051
4055   4050
4056   4050
4057   4050
4058   4050
4059   4050
4059   4057
4091   4090
4093   4090
4094   4090
4095   4090
4096   4090
4097   4090
4098   4090
4099   4090
4101   4100
4102   4100
4103   4100
4104   4100
4105   4100
4105   4104
4106   4100
4107   4100
4108   4100
4109   4100
4111   4110
4112   4110
4113   4110
4114   4110
4116   4110
4117   4110
4117   4111
4118   4110
4119   4110
4119   4112
4121   4120
4122   4120
4123   4120
4124   4120
4125   4120
4127   4120
4128   4120
4129   4120
4151   4150
4152   4150
4153   4150
4154   4150
4155   4150
4155   4153
4156   4150
4157   4150
4158   4150
4159   4150
4161   4160
4162   4160
4163   4160
4164   4160
4165   4160
4166   4160
4167   4160
4168   4160
4168   4165
4169   4160
4181   4180
4182   4180
4183   4180
4184   4180
4185   4180
4186   4180
4187   4180
4187   4182
4188   4180
4188   4186
4189   4180
4241   4240
4242   4240
4243   4240
4244   4240
4245   4240
4246   4240
4248   4240
4248   4242
4248   4246
4249   4240
4271   4270
4272   4270
4273   4270
4274   4270
4275   4270
4275   4271
4276   4270
4276   4275
4277   4270
4277   4275
4281   4280
4282   4280
4283   4280
4284   4280
4285   4280
4286   4280
4287   4280
4288   4280
4288   4281
4289   4280
4289   4283
4301   4300
4302   4300
4304   4300
4304   4301
4305   4300
4306   4300
4307   4300
4308   4300
4309   4300
4351   4350
4352   4350
4353   4350
4354   4350
4354   4353
4355   4350
4356   4350
4356   4354
4357   4350
4357   4355
4359   4350
4359   4353
4371   4370
4372   4370
4373   4370
4374   4370
4375   4370
4376   4370
4377   4370
4379   4370
4379   4376
4381   4380
4382   4380
4383   4380
4384   4380
4385   4380
4386   4380
4387   4380
4387   4384
4388   4380
4389   4380
4401   4400
4402   4400
4403   4400
4404   4400
4404   4403
4405   4400
4406   4400
4407   4400
4408   4400
4409   4400
4411   4410
4412   4410
4413   4410
4414   4410
4415   4410
4415   4411
4416   4410
4416   4411
4416   4414
4418   4410
4419   4410
4421   4420
4422   4420
4423   4420
4424   4420
4424   4423
4425   4420
4425   4424
4426   4420
4427   4420
4428   4420
4431   4430
4432   4430
4433   4430
4434   4430
4435   4430
4435   4433
4436   4430
4436   4434
4437   4430
4438   4430
4438   4434
4439   4430
4439   4431
4451   4450
4452   4450
4454   4450
4456   4450
4457   4450
4458   4450
4459   4450
4459   4452
4491   4490
4492   4490
4493   4490
4494   4490
4494   4491
4497   4490
4498   4490
4499   4490
4499   4497
4501   4500
4502   4500
4503   4500
4503   4502
4504   4500
4505   4500
4505   4502
4506   4500
4507   4500
4507   4503
4507   4506
4508   4500
4509   4500
4509   4502
4509   4505
4511   4510
4512   4510
4513   4510
4514   4510
4515   4510
4515   4512
4516   4510
4516   4514
4517   4510
4517   4515
4518   4510
4518   4514
4518   4516
4519   4510
4531   4530
4532   4530
4533   4530
4534   4530
4535   4530
4536   4530
4537   4530
4537   4534
4537   4536
4538   4530
4539   4530
4539   4532
4539   4535
4541   4540
4542   4540
4543   4540
4544   4540
4545   4540
4546   4540
4546   4544
4547   4540
4547   4544
4547   4546
4548   4540
4548   4543
4549   4540
4551   4550
4552   4550
4553   4550
4554   4550
4555   4550
4555   4553
4556   4550
4557   4550
4558   4550
4558   4556
4559   4550
4559   4556
4561   4560
4562   4560
4563   4560
4564   4560
4565   4560
4566   4560
4566   4565
4567   4560
4568   4560
4569   4560
4571   4570
4572   4570
4573   4570
4574   4570
4575   4570
4576   4570
4577   4570
4578   4570
4578   4576
4579   4570
4579   4576
4579   4578
4581   4580
4582   4580
4583   4580
4584   4580
4585   4580
4586   4580
4586   4582
4587   4580
4588   4580
4589   4580
4591   4590
4592   4590
4593   4590
4594   4590
4594   4593
4595   4590
4596   4590
4597   4590
4597   4591
4598   4590
4598   4591
4598   4597
4599   4590
4601   4600
4602   4600
4603   4600
4604   4600
4604   4601
4605   4600
4605   4603
4606   4600
4607   4600
4608   4600
4609   4600
4611   4610
4612   4610
4613   4610
4615   4610
4615   4612
4616   4610
4617   4610
4617   4616
4618   4610
4619   4610
4621   4620
4622   4620
4623   4620
4623   4622
4624   4620
4625   4620
4626   4620
4627   4620
4627   4622
4628   4620
4628   4625
4629   4620
4629   4628
4651   4650
4652   4650
4653   4650
4654   4650
4655   4650
4655   4653
4656   4650
4657   4650
4658   4650
4659   4650
4659   4654
4671   4670
4672   4670
4673   4670
4673   4671
4674   4670
4675   4670
4676   4670
4677   4670
4677   4672
4678   4670
4678   4676
4679   4670
4679   4676
4721   4720
4722   4720
4723   4720
4724   4720
4725   4720
4725   4722
4726   4720
4726   4725
4727   4720
4727   4724
4729   4720
4761   4760
4762   4760
4763   4760
4763   4761
4764   4760
4765   4760
4765   4761
4766   4760
4766   4761
4767   4760
4768   4760
4769   4760
4769   4763
4769   4767
4791   4790
4792   4790
4793   4790
4793   4792
4794   4790
4795   4790
4795   4791
4796   4790
4797   4790
4798   4790
4811   4810
4812   4810
4813   4810
4814   4810
4815   4810
4816   4810
4817   4810
4818   4810
4819   4810
4841   4840
4842   4840
4843   4840
4844   4840
4845   4840
4846   4840
4847   4840
4848   4840
4849   4840
4861   4860
4862   4860
4863   4860
4863   4862
4864   4860
4865   4860
4866   4860
4867   4860
4868   4860
4868   4861
4868   4866
4869   4860
4891   4890
4892   4890
4893   4890
4893   4892
4894   4890
4895   4890
4895   4891
4896   4890
4897   4890
4897   4895
4898   4890
4899   4890
4899   4896
4911   4910
4912   4910
4913   4910
4914   4910
4915   4910
4916   4910
4917   4910
4918   4910
4919   4910
4919   4911
4941   4940
4942   4940
4943   4940
4944   4940
4945   4940
4946   4940
4947   4940
4948   4940
4949   4940
4949   4941
4961   4960
4962   4960
4963   4960
4963   4962
4964   4960
4965   4960
4965   4962
4965   4963
4966   4960
4966   4964
4967   4960
4967   4965
4969   4960
4969   4965
4969   4966
4981   4980
4982   4980
4982   4981
4983   4980
4984   4980
4984   4981
4984   4982
4985   4980
4986   4980
4987   4980
4987   4986
4988   4980
4989   4980
4989   4988
5011   5010
5012   5010
5013   5010
5014   5010
5015   5010
5015   5014
5016   5010
5016   5013
5017   5010
5017   5013
5017   5014
5018   5010
5021   5020
5022   5020
5023   5020
5024   5020
5025   5020
5025   5022
5026   5020
5027   5020
5028   5020
5029   5020
5029   5021
5041   5040
5042   5040
5043   5040
5044   5040
5044   5043
5045   5040
5046   5040
5047   5040
5048   5040
5049   5040
5049   5045
5051   5050
5052   5050
5053   5050
5053   5051
5054   5050
5055   5050
5055   5054
5056   5050
5057   5050
5058   5050
5058   5052
5059   5050
5091   5090
5092   5090
5093   5090
5094   5090
5095   5090
5095   5094
5096   5090
5098   5090
5099   5090
5099   5093
5111   5110
5112   5110
5113   5110
5114   5110
5115   5110
5116   5110
5116   5111
5117   5110
5117   5111
5119   5110
5119   5117
5121   5120
5122   5120
5123   5120
5124   5120
5124   5122
5125   5120
5126   5120
5127   5120
5127   5123
5128   5120
5128   5121
5129   5120
5141   5140
5142   5140
5143   5140
5144   5140
5145   5140
5145   5141
5147   5140
5147   5145
5148   5140
5148   5143
5149   5140
5149   5144
5151   5150
5152   5150
5153   5150
5154   5150
5155   5150
5155   5152
5156   5150
5157   5150
5158   5150
5158   5151
5158   5156
5159   5150
5159   5157
5161   5160
5162   5160
5163   5160
5164   5160
5166   5160
5167   5160
5168   5160
5168   5167
5169   5160
5171   5170
5172   5170
5173   5170
5174   5170
5175   5170
5176   5170
5177   5170
5177   5171
5178   5170
5179   5170
5181   5180
5182   5180
5183   5180
5184   5180
5185   5180
5186   5180
5187   5180
5188   5180
5188   5183
5189   5180
5189   5185
5221   5220
5222   5220
5223   5220
5224   5220
5226   5220
5227   5220
5227   5221
5229   5220
5229   5221
5241   5240
5242   5240
5242   5241
5243   5240
5244   5240
5245   5240
5246   5240
5247   5240
5248   5240
5249   5240
5249   5241
5281   5280
5282   5280
5283   5280
5284   5280
5285   5280
5286   5280
5287   5280
5288   5280
5289   5280
5301   5300
5302   5300
5302   5301
5303   5300
5304   5300
5305   5300
5306   5300
5307   5300
5308   5300
5309   5300
5311   5310
5312   5310
5313   5310
5314   5310
5314   5312
5315   5310
5315   5312
5316   5310
5317   5310
5317   5313
5318   5310
5319   5310
5319   5312
5331   5330
5332   5330
5333   5330
5334   5330
5335   5330
5336   5330
5337   5330
5338   5330
5339   5330
5339   5331
5341   5340
5342   5340
5343   5340
5344   5340
5345   5340
5345   5342
5346   5340
5347   5340
5348   5340
5349   5340
5351   5350
5352   5350
5353   5350
5353   5351
5353   5352
5354   5350
5355   5350
5356   5350
5357   5350
5358   5350
5359   5350
5361   5360
5362   5360
5363   5360
5364   5360
5364   5363
5365   5360
5366   5360
5367   5360
5367   5363
5367   5364
5369   5360
5381   5380
5382   5380
5383   5380
5383   5381
5384   5380
5385   5380
5386   5380
5386   5383
5387   5380
5388   5380
5389   5380
5389   5382
5391   5390
5392   5390
5393   5390
5393   5391
5394   5390
5395   5390
5396   5390
5396   5391
5397   5390
5398   5390
5398   5395
5401   5400
5402   5400
5403   5400
5404   5400
5405   5400
5406   5400
5406   5401
5407   5400
5408   5400
5409   5400
5411   5410
5412   5410
5413   5410
5414   5410
5415   5410
5416   5410
5417   5410
5417   5415
5418   5410
5419   5410
5419   5411
5421   5420
5422   5420
5423   5420
5424   5420
5424   5421
5425   5420
5425   5422
5426   5420
5427   5420
5428   5420
5428   5421
5429   5420
5431   5430
5432   5430
5433   5430
5433   5431
5434   5430
5435   5430
5436   5430
5436   5434
5437   5430
5438   5430
5438   5436
5439   5430
5439   5435
5441   5440
5442   5440
5443   5440
5444   5440
5445   5440
5446   5440
5447   5440
5448   5440
5448   5441
5449   5440
5451   5450
5452   5450
5453   5450
5454   5450
5455   5450
5456   5450
5456   5455
5457   5450
5457   5451
5457   5452
5458   5450
5458   5451
5459   5450
5471   5470
5472   5470
5473   5470
5474   5470
5475   5470
5476   5470
5477   5470
5478   5470
5479   5470
5481   5480
5482   5480
5482   5481
5483   5480
5483   5482
5484   5480
5485   5480
5486   5480
5487   5480
5487   5481
5488   5480
5488   5486
5489   5480
5531   5530
5532   5530
5533   5530
5534   5530
5535   5530
5538   5530
5538   5534
5539   5530
5541   5540
5542   5540
5543   5540
5543   5541
5544   5540
5544   5542
5545   5540
5546   5540
5547   5540
5547   5541
5547   5543
5548   5540
5549   5540
5571   5570
5572   5570
5573   5570
5574   5570
5576   5570
5577   5570
5577   5572
5578   5570
5578   5576
5579   5570
5579   5572
5579   5574
5591   5590
5592   5590
5593   5590
5594   5590
5596   5590
5597   5590
5598   5590
5598   5594
5631   5630
5632   5630
5633   5630
5634   5630
5636   5630
5637   5630
5638   5630
5638   5631
5639   5630
5641   5640
5642   5640
5643   5640
5645   5640
5646   5640
5647   5640
5647   5643
5649   5640
5651   5650
5652   5650
5653   5650
5654   5650
5654   5652
5655   5650
5656   5650
5657   5650
5658   5650
5659   5650
5659   5657
5661   5660
5662   5660
5663   5660
5663   5662
5664   5660
5665   5660
5665   5661
5665   5662
5666   5660
5667   5660
5667   5664
5668   5660
5668   5662
5668   5663
5669   5660
5669   5664
5669   5667
5691   5690
5692   5690
5693   5690
5694   5690
5695   5690
5696   5690
5696   5695
5698   5690
5698   5692
5699   5690
5711   5710
5712   5710
5713   5710
5714   5710
5714   5711
5715   5710
5716   5710
5716   5711
5716   5714
5717   5710
5718   5710
5719   5710
5719   5717
5721   5720
5722   5720
5723   5720
5724   5720
5725   5720
5725   5723
5726   5720
5727   5720
5728   5720
5728   5724
5728   5727
5729   5720
5741   5740
5742   5740
5743   5740
5744   5740
5744   5741
5745   5740
5745   5743
5746   5740
5747   5740
5751   5750
5752   5750
5753   5750
5754   5750
5755   5750
5756   5750
5757   5750
5758   5750
5758   5756
5759   5750
5759   5756
5759   5758
5771   5770
5772   5770
5773   5770
5774   5770
5774   5773
5775   5770
5775   5773
5776   5770
5777   5770
5779   5770
5791   5790
5792   5790
5793   5790
5794   5790
5795   5790
5795   5794
5796   5790
5796   5791
5797   5790
5798   5790
5799   5790
5799   5795
5801   5800
5802   5800
5803   5800
5804   5800
5805   5800
5806   5800
5807   5800
5808   5800
5809   5800
5809   5806
5821   5820
5822   5820
5823   5820
5824   5820
5825   5820
5826   5820
5826   5822
5827   5820
5829   5820
5851   5850
5852   5850
5853   5850
5853   5851
5854   5850
5855   5850
5856   5850
5857   5850
5857   5853
5858   5850
5858   5854
5859   5850
5891   5890
5892   5890
5894   5890
5895   5890
5895   5891
5896   5890
5897   5890
5897   5892
5898   5890
5899   5890
5931   5930
5932   5930
5933   5930
5934   5930
5934   5933
5935   5930
5936   5930
5937   5930
5937   5933
5937   5935
5938   5930
5939   5930
5939   5938
5951   5950
5952   5950
5953   5950
5954   5950
5955   5950
5956   5950
5956   5954
5957   5950
5957   5951
5957   5954
5958   5950
5958   5952
5959   5950
5959   5954
5959   5956
5991   5990
5992   5990
5993   5990
5995   5990
5996   5990
5997   5990
5999   5990
5999   5996
6011   6010
6012   6010
6013   6010
6014   6010
6015   6010
6016   6010
6017   6010
6018   6010
6018   6015
6019   6010
6019   6014
6031   6030
6032   6030
6033   6030
6034   6030
6035   6030
6036   6030
6037   6030
6038   6030
6038   6033
6039   6030
6039   6037
6051   6050
6052   6050
6053   6050
6054   6050
6055   6050
6056   6050
6056   6053
6057   6050
6058   6050
6058   6051
6091   6090
6092   6090
6093   6090
6094   6090
6095   6090
6096   6090
6097   6090
6097   6095
6098   6090
6099   6090
6099   6091
6099   6096
6141   6140
6142   6140
6143   6140
6144   6140
6144   6142
6145   6140
6145   6141
6146   6140
6147   6140
6148   6140
6149   6140
6201   6200
6202   6200
6203   6200
6203   6201
6205   6200
6206   6200
6207   6200
6207   6202
6207   6203
6208   6200
6208   6203
6208   6207
6209   6200
6231   6230
6232   6230
6233   6230
6234   6230
6235   6230
6236   6230
6236   6232
6237   6230
6238   6230
6239   6230
6241   6240
6242   6240
6243   6240
6244   6240
6244   6241
6245   6240
6246   6240
6247   6240
6248   6240
6249   6240
6251   6250
6252   6250
6253   6250
6253   6252
6254   6250
6254   6251
6255   6250
6255   6251
6255   6254
6256   6250
6257   6250
6258   6250
6259   6250
6259   6257
6281   6280
6282   6280
6283   6280
6284   6280
6285   6280
6285   6284
6286   6280
6286   6284
6286   6285
6287   6280
6287   6283
6288   6280
6289   6280
6291   6290
6292   6290
6293   6290
6294   6290
6294   6291
6295   6290
6297   6290
6298   6290
6299   6290
6299   6292
6321   6320
6322   6320
6323   6320
6324   6320
6325   6320
6326   6320
6327   6320
6328   6320
6329   6320
6329   6328
6331   6330
6332   6330
6333   6330
6334   6330
6335   6330
6336   6330
6336   6333
6337   6330
6337   6334
6338   6330
6338   6331
6338   6334
6339   6330
6391   6390
6392   6390
6393   6390
6393   6391
6394   6390
6395   6390
6396   6390
6396   6391
6396   6393
6397   6390
6398   6390
6398   6391
6398   6393
6398   6396
6399   6390
6399   6395
6401   6400
6402   6400
6403   6400
6404   6400
6405   6400
6405   6402
6406   6400
6406   6402
6406   6405
6407   6400
6407   6402
6407   6405
6407   6406
6408   6400
6409   6400
6411   6410
6412   6410
6413   6410
6414   6410
6415   6410
6416   6410
6417   6410
6418   6410
6419   6410
6419   6418
6461   6460
6462   6460
6463   6460
6464   6460
6465   6460
6466   6460
6466   6462
6467   6460
6468   6460
6469   6460
6481   6480
6482   6480
6483   6480
6484   6480
6484   6482
6485   6480
6486   6480
6487   6480
6488   6480
6489   6480
6489   6488
6491   6490
6492   6490
6493   6490
6494   6490
6495   6490
6496   6490
6496   6492
6497   6490
6497   6492
6497   6496
6498   6490
6499   6490
6511   6510
6512   6510
6513   6510
6514   6510
6515   6510
6516   6510
6516   6515
6517   6510
6518   6510
6518   6511
6519   6510
6541   6540
6542   6540
6543   6540
6544   6540
6545   6540
6546   6540
6547   6540
6547   6545
6549   6540
6549   6545
6549   6547
6561   6560
6562   6560
6563   6560
6563   6561
6563   6562
6564   6560
6565   6560
6566   6560
6567   6560
6567   6566
6568   6560
6569   6560
6569   6565
6571   6570
6572   6570
6573   6570
6574   6570
6575   6570
6576   6570
6577   6570
6577   6571
6577   6574
6578   6570
6579   6570
6579   6576
6591   6590
6592   6590
6593   6590
6594   6590
6595   6590
6596   6590
6597   6590
6597   6594
6598   6590
6598   6592
6599   6590
6601   6600
6602   6600
6603   6600
6604   6600
6605   6600
6605   6602
6606   6600
6607   6600
6607   6606
6608   6600
6609   6600
6611   6610
6612   6610
6613   6610
6614   6610
6614   6613
6616   6610
6617   6610
6618   6610
6661   6660
6662   6660
6663   6660
6664   6660
6665   6660
6666   6660
6667   6660
6667   6661
6668   6660
6668   6663
6669   6660
6671   6670
6672   6670
6673   6670
6674   6670
6675   6670
6675   6671
6676   6670
6677   6670
6678   6670
6678   6671
6678   6675
6679   6670
6701   6700
6702   6700
6703   6700
6705   6700
6705   6701
6705   6703
6706   6700
6707   6700
6707   6703
6707   6705
6709   6700
6711   6710
6712   6710
6713   6710
6713   6711
6714   6710
6715   6710
6715   6712
6716   6710
6717   6710
6717   6716
6718   6710
6719   6710
6721   6720
6722   6720
6723   6720
6724   6720
6725   6720
6726   6720
6727   6720
6727   6721
6728   6720
6728   6721
6728   6727
6729   6720
6751   6750
6752   6750
6753   6750
6754   6750
6755   6750
6756   6750
6757   6750
6758   6750
6758   6752
6758   6754
6759   6750
6771   6770
6772   6770
6773   6770
6774   6770
6775   6770
6776   6770
6776   6774
6777   6770
6778   6770
6778   6774
6779   6770
6821   6820
6822   6820
6823   6820
6824   6820
6825   6820
6825   6824
6826   6820
6827   6820
6828   6820
6828   6822
6829   6820
6881   6880
6882   6880
6882   6881
6883   6880
6884   6880
6885   6880
6886   6880
6886   6883
6887   6880
6887   6884
6888   6880
6888   6885
6901   6900
6902   6900
6903   6900
6904   6900
6905   6900
6906   6900
6906   6902
6907   6900
6908   6900
6909   6900
6921   6920
6922   6920
6923   6920
6925   6920
6926   6920
6927   6920
6928   6920
6928   6925
6929   6920
6929   6927
6961   6960
6962   6960
6963   6960
6963   6961
6964   6960
6965   6960
6966   6960
6966   6963
6967   6960
6967   6965
6967   6966
6968   6960
6969   6960
6969   6965
6991   6990
6992   6990
6993   6990
6994   6990
6995   6990
6996   6990
6997   6990
6997   6995
6998   6990
6999   6990
6999   6994
7001   7000
7002   7000
7003   7000
7004   7000
7004   7001
7005   7000
7006   7000
7007   7000
7008   7000
7009   7000
7011   7010
7012   7010
7014   7010
7015   7010
7015   7014
7016   7010
7017   7010
7017   7016
7018   7010
7018   7014
7018   7015
7019   7010
7041   7040
7042   7040
7043   7040
7044   7040
7044   7041
7045   7040
7046   7040
7047   7040
7048   7040
7049   7040
7049   7043
7051   7050
7052   7050
7053   7050
7055   7050
7056   7050
7056   7053
7057   7050
7057   7051
7057   7052
7058   7050
7058   7053
7058   7055
7059   7050
7061   7060
7062   7060
7063   7060
7065   7060
7066   7060
7066   7065
7067   7060
7067   7063
7068   7060
7068   7061
7069   7060
7069   7066
7071   7070
7072   7070
7073   7070
7074   7070
7074   7071
7075   7070
7077   7070
7077   7072
7078   7070
7079   7070
7081   7080
7082   7080
7083   7080
7084   7080
7087   7080
7088   7080
7089   7080
7091   7090
7092   7090
7093   7090
7094   7090
7095   7090
7096   7090
7096   7095
7097   7090
7098   7090
7099   7090
7099   7097
7121   7120
7122   7120
7123   7120
7124   7120
7125   7120
7126   7120
7126   7124
7127   7120
7127   7123
7128   7120
7129   7120
7151   7150
7152   7150
7154   7150
7154   7152
7156   7150
7157   7150
7157   7156
7158   7150
7158   7152
7159   7150
7161   7160
7162   7160
7163   7160
7164   7160
7165   7160
7166   7160
7166   7164
7167   7160
7168   7160
7169   7160
7181   7180
7182   7180
7183   7180
7184   7180
7185   7180
7186   7180
7186   7183
7187   7180
7188   7180
7188   7185
7189   7180
7191   7190
7192   7190
7193   7190
7194   7190
7196   7190
7196   7193
7197   7190
7198   7190
7199   7190
7211   7210
7212   7210
7213   7210
7213   7211
7214   7210
7215   7210
7215   7212
7216   7210
7216   7212
7217   7210
7218   7210
7219   7210
7221   7220
7222   7220
7223   7220
7224   7220
7225   7220
7226   7220
7226   7223
7227   7220
7227   7225
7229   7220
7291   7290
7292   7290
7293   7290
7294   7290
7295   7290
7296   7290
7297   7290
7298   7290
7298   7295
7299   7290
7299   7294
7301   7300
7302   7300
7303   7300
7304   7300
7305   7300
7306   7300
7306   7301
7308   7300
7308   7302
7309   7300
7321   7320
7322   7320
7323   7320
7323   7321
7324   7320
7324   7322
7325   7320
7326   7320
7326   7321
7327   7320
7327   7322
7327   7324
7328   7320
7328   7325
7329   7320
7351   7350
7352   7350
7353   7350
7354   7350
7355   7350
7355   7354
7356   7350
7357   7350
7357   7353
7358   7350
7359   7350
7359   7356
7361   7360
7362   7360
7363   7360
7364   7360
7365   7360
7366   7360
7367   7360
7368   7360
7368   7367
7369   7360
7381   7380
7382   7380
7383   7380
7384   7380
7385   7380
7386   7380
7387   7380
7387   7386
7388   7380
7389   7380
7391   7390
7392   7390
7393   7390
7394   7390
7395   7390
7396   7390
7397   7390
7397   7391
7398   7390
7398   7396
7399   7390
7401   7400
7402   7400
7403   7400
7404   7400
7405   7400
7406   7400
7407   7400
7408   7400
7408   7402
7408   7403
7408   7405
7481   7480
7482   7480
7483   7480
7484   7480
7484   7482
7485   7480
7485   7481
7486   7480
7486   7485
7487   7480
7487   7481
7488   7480
7489   7480
7501   7500
7502   7500
7504   7500
7504   7502
7505   7500
7506   7500
7506   7502
7507   7500
7511   7510
7512   7510
7513   7510
7513   7511
7514   7510
7515   7510
7516   7510
7517   7510
7518   7510
7518   7513
7518   7515
7519   7510
7521   7520
7522   7520
7523   7520
7524   7520
7525   7520
7526   7520
7527   7520
7528   7520
7529   7520
7541   7540
7542   7540
7542   7541
7543   7540
7544   7540
7545   7540
7545   7543
7546   7540
7547   7540
7548   7540
7549   7540
7549   7543
7549   7545
7571   7570
7573   7570
7574   7570
7575   7570
7576   7570
7578   7570
7579   7570
7591   7590
7592   7590
7593   7590
7593   7591
7594   7590
7595   7590
7595   7592
7596   7590
7597   7590
7598   7590
7598   7594
7599   7590
7611   7610
7612   7610
7613   7610
7614   7610
7615   7610
7615   7614
7616   7610
7616   7611
7616   7613
7617   7610
7619   7610
7621   7620
7622   7620
7623   7620
7624   7620
7625   7620
7626   7620
7626   7624
7627   7620
7627   7623
7628   7620
7628   7621
7629   7620
7629   7625
7691   7690
7692   7690
7693   7690
7694   7690
7694   7692
7695   7690
7696   7690
7697   7690
7697   7692
7697   7694
7698   7690
7699   7690
7701   7700
7702   7700
7703   7700
7704   7700
7705   7700
7706   7700
7706   7701
7706   7702
7706   7705
7707   7700
7709   7700
7721   7720
7722   7720
7723   7720
7724   7720
7725   7720
7726   7720
7727   7720
7728   7720
7729   7720
7729   7724
7741   7740
7742   7740
7743   7740
7744   7740
7744   7742
7744   7743
7745   7740
7746   7740
7747   7740
7748   7740
7749   7740
7751   7750
7752   7750
7753   7750
7754   7750
7754   7752
7755   7750
7755   7752
7756   7750
7757   7750
7758   7750
7759   7750
7771   7770
7772   7770
7772   7771
7773   7770
7773   7771
7773   7772
7774   7770
7775   7770
7776   7770
7777   7770
7778   7770
7779   7770
7779   7774
7781   7780
7782   7780
7783   7780
7784   7780
7785   7780
7786   7780
7786   7785
7788   7780
7789   7780
7801   7800
7802   7800
7803   7800
7803   7801
7804   7800
7805   7800
7805   7802
7806   7800
7807   7800
7808   7800
7808   7806
7821   7820
7822   7820
7823   7820
7824   7820
7825   7820
7827   7820
7829   7820
7829   7825
7831   7830
7832   7830
7833   7830
7834   7830
7835   7830
7836   7830
7836   7831
7836   7835
7837   7830
7839   7830
7839   7833
7841   7840
7842   7840
7843   7840
7844   7840
7845   7840
7846   7840
7847   7840
7848   7840
7848   7844
7849   7840
7861   7860
7862   7860
7863   7860
7864   7860
7865   7860
7866   7860
7867   7860
7867   7866
7868   7860
7869   7860
7891   7890
7892   7890
7893   7890
7894   7890
7894   7893
7895   7890
7896   7890
7897   7890
7897   7892
7899   7890
7899   7894
7921   7920
7922   7920
7924   7920
7925   7920
7926   7920
7926   7921
7927   7920
7928   7920
7929   7920
7931   7930
7932   7930
7933   7930
7934   7930
7935   7930
7936   7930
7937   7930
7938   7930
7938   7932
7939   7930
7939   7932
7939   7938
7941   7940
7942   7940
7943   7940
7944   7940
7945   7940
7945   7943
7946   7940
7947   7940
7947   7944
7948   7940
7949   7940
7949   7946
7981   7980
7982   7980
7983   7980
7984   7980
7985   7980
7985   7984
7986   7980
7986   7984
7987   7980
7988   7980
7989   7980
8001   8000
8002   8000
8003   8000
8004   8000
8005   8000
8006   8000
8006   8001
8007   8000
8007   8001
8008   8000
8009   8000
8009   8002
8011   8010
8012   8010
8013   8010
8014   8010
8015   8010
8015   8011
8016   8010
8016   8014
8017   8010
8019   8010
8021   8020
8022   8020
8022   8021
8023   8020
8024   8020
8025   8020
8025   8024
8026   8020
8027   8020
8027   8022
8028   8020
8029   8020
8029   8028
8101   8100
8102   8100
8103   8100
8103   8102
8105   8100
8106   8100
8107   8100
8108   8100
8108   8107
8109   8100
8111   8110
8112   8110
8113   8110
8114   8110
8114   8112
8115   8110
8116   8110
8117   8110
8118   8110
8121   8120
8122   8120
8123   8120
8124   8120
8125   8120
8126   8120
8126   8121
8126   8125
8127   8120
8128   8120
8128   8123
8171   8170
8172   8170
8173   8170
8174   8170
8177   8170
8178   8170
8179   8170
8179   8174
8181   8180
8182   8180
8183   8180
8184   8180
8184   8182
8185   8180
8186   8180
8187   8180
8187   8183
8188   8180
8189   8180
8191   8190
8192   8190
8193   8190
8194   8190
8195   8190
8196   8190
8197   8190
8198   8190
8199   8190
8221   8220
8222   8220
8223   8220
8224   8220
8225   8220
8226   8220
8227   8220
8227   8224
8229   8220
8229   8221
8229   8223
8231   8230
8232   8230
8233   8230
8234   8230
8235   8230
8236   8230
8237   8230
8237   8233
8238   8230
8238   8236
8239   8230
8239   8231
8241   8240
8242   8240
8243   8240
8244   8240
8245   8240
8246   8240
8246   8244
8247   8240
8248   8240
8249   8240
8281   8280
8282   8280
8283   8280
8284   8280
8285   8280
8286   8280
8287   8280
8287   8283
8288   8280
8289   8280
8291   8290
8292   8290
8293   8290
8294   8290
8294   8292
8295   8290
8296   8290
8297   8290
8297   8295
8298   8290
8298   8293
8298   8297
8299   8290
8301   8300
8302   8300
8303   8300
8304   8300
8305   8300
8306   8300
8307   8300
8309   8300
8309   8302
8311   8310
8312   8310
8313   8310
8314   8310
8315   8310
8315   8313
8316   8310
8317   8310
8317   8313
8318   8310
8319   8310
8319   8315
8321   8320
8322   8320
8323   8320
8324   8320
8325   8320
8326   8320
8326   8322
8327   8320
8328   8320
8329   8320
8329   8322
8331   8330
8333   8330
8334   8330
8335   8330
8336   8330
8337   8330
8337   8335
8337   8336
8338   8330
8339   8330
8339   8333
8341   8340
8342   8340
8343   8340
8343   8341
8344   8340
8345   8340
8346   8340
8347   8340
8347   8342
8347   8343
8348   8340
8349   8340
8361   8360
8362   8360
8363   8360
8364   8360
8366   8360
8367   8360
8367   8363
8368   8360
8368   8363
8381   8380
8382   8380
8383   8380
8384   8380
8385   8380
8386   8380
8386   8382
8387   8380
8387   8384
8388   8380
8391   8390
8392   8390
8393   8390
8394   8390
8395   8390
8396   8390
8396   8391
8398   8390
8398   8392
8399   8390
8399   8391
8431   8430
8432   8430
8433   8430
8434   8430
8435   8430
8436   8430
8437   8430
8438   8430
8439   8430
8439   8431
8439   8432
8439   8438
8471   8470
8472   8470
8473   8470
8474   8470
8475   8470
8476   8470
8477   8470
8477   8474
8478   8470
8479   8470
8491   8490
8492   8490
8493   8490
8494   8490
8495   8490
8496   8490
8496   8492
8497   8490
8498   8490
8499   8490
8499   8498
8521   8520
8522   8520
8523   8520
8524   8520
8525   8520
8526   8520
8526   8522
8527   8520
8528   8520
8529   8520
8531   8530
8532   8530
8533   8530
8534   8530
8535   8530
8536   8530
8537   8530
8538   8530
8538   8536
8539   8530
8551   8550
8552   8550
8553   8550
8553   8552
8554   8550
8555   8550
8556   8550
8557   8550
8558   8550
8559   8550
8581   8580
8582   8580
8583   8580
8584   8580
8584   8583
8585   8580
8585   8583
8586   8580
8586   8582
8587   8580
8589   8580
8589   8583
8589   8584
8591   8590
8592   8590
8593   8590
8594   8590
8595   8590
8596   8590
8597   8590
8598   8590
8598   8593
8599   8590
8601   8600
8602   8600
8603   8600
8604   8600
8605   8600
8605   8603
8606   8600
8607   8600
8608   8600
8609   8600
8611   8610
8612   8610
8613   8610
8614   8610
8615   8610
8616   8610
8617   8610
8618   8610
8618   8611
8619   8610
8619   8615
8661   8660
8662   8660
8663   8660
8663   8662
8665   8660
8665   8662
8665   8663
8666   8660
8667   8660
8668   8660
8669   8660
8681   8680
8682   8680
8683   8680
8684   8680
8684   8682
8685   8680
8685   8681
8685   8682
8686   8680
8687   8680
8687   8681
8687   8685
8688   8680
8689   8680
8689   8682
8689   8684
8691   8690
8692   8690
8693   8690
8694   8690
8695   8690
8696   8690
8696   8693
8698   8690
8699   8690
8711   8710
8712   8710
8713   8710
8713   8711
8714   8710
8715   8710
8716   8710
8717   8710
8718   8710
8719   8710
8721   8720
8722   8720
8724   8720
8725   8720
8726   8720
8727   8720
8727   8722
8727   8725
8728   8720
8729   8720
8731   8730
8732   8730
8733   8730
8734   8730
8735   8730
8736   8730
8737   8730
8738   8730
8739   8730
8739   8733
8761   8760
8762   8760
8763   8760
8764   8760
8765   8760
8766   8760
8768   8760
8769   8760
8769   8768
8781   8780
8782   8780
8783   8780
8784   8780
8785   8780
8786   8780
8787   8780
8787   8782
8788   8780
8789   8780
8801   8800
8802   8800
8803   8800
8804   8800
8805   8800
8806   8800
8807   8800
8808   8800
8808   8801
8821   8820
8822   8820
8823   8820
8824   8820
8825   8820
8827   8820
8827   8823
8828   8820
8829   8820
8831   8830
8832   8830
8832   8831
8833   8830
8834   8830
8835   8830
8836   8830
8836   8835
8837   8830
8838   8830
8839   8830
8841   8840
8842   8840
8842   8841
8843   8840
8844   8840
8844   8841
8844   8842
8845   8840
8846   8840
8847   8840
8847   8843
8848   8840
8848   8846
8849   8840
8851   8850
8852   8850
8853   8850
8854   8850
8855   8850
8855   8852
8855   8854
8856   8850
8857   8850
8858   8850
8859   8850
8859   8854
8859   8856
8901   8900
8902   8900
8903   8900
8904   8900
8905   8900
8906   8900
8906   8903
8907   8900
8908   8900
8908   8907
8909   8900
8921   8920
8922   8920
8923   8920
8923   8922
8924   8920
8925   8920
8925   8921
8927   8920
8928   8920
8929   8920
8941   8940
8942   8940
8943   8940
8943   8942
8944   8940
8945   8940
8946   8940
8946   8941
8948   8940
8949   8940
8951   8950
8952   8950
8953   8950
8954   8950
8954   8951
8955   8950
8956   8950
8957   8950
8957   8951
8957   8954
8958   8950
8959   8950
8959   8951
8961   8960
8962   8960
8963   8960
8964   8960
8965   8960
8966   8960
8967   8960
8967   8963
8968   8960
8969   8960
8969   8965
8971   8970
8972   8970
8973   8970
8974   8970
8974   8972
8975   8970
8976   8970
8977   8970
8979   8970
8979   8976
9001   9000
9002   9000
9003   9000
9004   9000
9005   9000
9005   9001
9006   9000
9006   9002
9006   9003
9007   9000
9007   9003
9008   9000
9008   9007
9009   9000
9031   9030
9032   9030
9033   9030
9034   9030
9034   9031
9035   9030
9037   9030
9038   9030
9038   9032
9039   9030
9041   9040
9042   9040
9043   9040
9043   9041
9044   9040
9044   9043
9045   9040
9046   9040
9046   9043
9048   9040
9049   9040
9101   9100
9102   9100
9103   9100
9104   9100
9104   9102
9105   9100
9107   9100
9107   9105
9108   9100
9109   9100
9109   9101
9109   9103
9111   9110
9112   9110
9113   9110
9114   9110
9115   9110
9116   9110
9117   9110
9118   9110
9118   9111
9119   9110
9131   9130
9132   9130
9133   9130
9133   9132
9134   9130
9134   9132
9134   9133
9135   9130
9135   9132
9136   9130
9136   9135
9137   9130
9138   9130
9138   9131
9138   9132
9139   9130
9139   9137
9141   9140
9142   9140
9143   9140
9144   9140
9144   9143
9145   9140
9145   9142
9146   9140
9147   9140
9148   9140
9148   9146
9149   9140
9149   9142
9149   9145
9171   9170
9172   9170
9173   9170
9174   9170
9174   9172
9175   9170
9176   9170
9177   9170
9177   9172
9177   9174
9178   9170
9179   9170
9179   9176
9211   9210
9212   9210
9213   9210
9214   9210
9215   9210
9215   9212
9216   9210
9217   9210
9218   9210
9219   9210
9241   9240
9242   9240
9243   9240
9244   9240
9244   9243
9245   9240
9246   9240
9247   9240
9248   9240
9248   9242
9249   9240
9251   9250
9252   9250
9253   9250
9254   9250
9255   9250
9255   9252
9256   9250
9257   9250
9257   9256
9258   9250
9258   9254
9259   9250
9281   9280
9282   9280
9283   9280
9284   9280
9285   9280
9286   9280
9286   9284
9287   9280
9288   9280
9289   9280
9289   9288
9291   9290
9292   9290
9293   9290
9294   9290
9295   9290
9296   9290
9297   9290
9299   9290
9361   9360
9362   9360
9363   9360
9364   9360
9364   9363
9365   9360
9365   9361
9366   9360
9367   9360
9368   9360
9368   9367
9369   9360
9369   9368
9371   9370
9372   9370
9373   9370
9374   9370
9374   9372
9375   9370
9376   9370
9377   9370
9378   9370
9378   9373
9379   9370
9401   9400
9402   9400
9403   9400
9404   9400
9405   9400
9405   9402
9406   9400
9406   9402
9407   9400
9407   9403
9408   9400
9409   9400
9409   9402
9409   9406
9411   9410
9412   9410
9413   9410
9414   9410
9415   9410
9416   9410
9417   9410
9418   9410
9418   9417
9419   9410
9421   9420
9422   9420
9423   9420
9424   9420
9424   9422
9425   9420
9425   9421
9426   9420
9427   9420
9427   9426
9428   9420
9429   9420
9429   9425
9441   9440
9442   9440
9443   9440
9444   9440
9445   9440
9446   9440
9447   9440
9447   9442
9448   9440
9449   9440
9449   9446
9461   9460
9462   9460
9463   9460
9464   9460
9464   9461
9465   9460
9466   9460
9467   9460
9467   9461
9467   9464
9468   9460
9469   9460
9469   9468
9481   9480
9482   9480
9483   9480
9483   9481
9484   9480
9485   9480
9485   9481
9485   9483
9486   9480
9487   9480
9487   9484
9488   9480
9488   9486
9489   9480
9501   9500
9502   9500
9503   9500
9504   9500
9505   9500
9508   9500
9508   9505
9521   9520
9522   9520
9523   9520
9523   9522
9524   9520
9524   9521
9525   9520
9527   9520
9528   9520
9529   9520
9561   9560
9562   9560
9563   9560
9564   9560
9565   9560
9566   9560
9567   9560
9568   9560
9569   9560
9571   9570
9572   9570
9573   9570
9574   9570
9577   9570
9578   9570
9578   9572
9579   9570
9579   9573
9579   9577
9591   9590
9592   9590
9593   9590
9594   9590
9595   9590
9596   9590
9596   9593
9597   9590
9597   9595
9598   9590
9599   9590
9601   9600
9602   9600
9603   9600
9604   9600
9605   9600
9605   9604
9606   9600
9606   9602
9607   9600
9609   9600
9611   9610
9612   9610
9614   9610
9615   9610
9616   9610
9617   9610
9617   9614
9618   9610
9618   9612
9619   9610
9621   9620
9622   9620
9623   9620
9624   9620
9625   9620
9626   9620
9627   9620
9628   9620
9628   9623
9631   9630
9632   9630
9633   9630
9634   9630
9635   9630
9636   9630
9636   9633
9638   9630
9639   9630
9641   9640
9642   9640
9643   9640
9644   9640
9645   9640
9645   9641
9646   9640
9647   9640
9647   9643
9648   9640
9648   9642
9649   9640
9649   9648
9651   9650
9652   9650
9653   9650
9653   9651
9654   9650
9655   9650
9656   9650
9657   9650
9657   9652
9657   9655
9658   9650
9658   9656
9659   9650
9691   9690
9692   9690
9692   9691
9693   9690
9694   9690
9695   9690
9696   9690
9696   9694
9697   9690
9697   9693
9698   9690
9699   9690
9699   9691
9699   9692
9731   9730
9732   9730
9733   9730
9734   9730
9735   9730
9735   9733
9736   9730
9737   9730
9737   9731
9738   9730
9751   9750
9752   9750
9753   9750
9754   9750
9755   9750
9757   9750
9757   9754
9758   9750
9758   9752
9759   9750
9761   9760
9762   9760
9763   9760
9764   9760
9765   9760
9766   9760
9766   9762
9767   9760
9768   9760
9768   9763
9769   9760
9801   9800
9802   9800
9803   9800
9804   9800
9805   9800
9806   9800
9807   9800
9807   9802
9808   9800
9808   9804
9809   9800
9821   9820
9822   9820
9823   9820
9824   9820
9824   9821
9824   9823
9825   9820
9826   9820
9828   9820
9829   9820
9841   9840
9842   9840
9843   9840
9843   9841
9844   9840
9844   9841
9844   9842
9845   9840
9846   9840
9846   9844
9847   9840
9847   9842
9848   9840
9851   9850
9852   9850
9855   9850
9856   9850
9856   9851
9857   9850
9857   9852
9858   9850
9859   9850
9881   9880
9882   9880
9883   9880
9884   9880
9885   9880
9885   9882
9886   9880
9887   9880
9887   9881
9888   9880
9888   9884
9889   9880
9889   9883
9901   9900
9902   9900
9903   9900
9904   9900
9905   9900
9906   9900
9906   9901
9907   9900
9907   9905
9908   9900
9909   9900
9921   9920
9922   9920
9923   9920
9924   9920
9924   9922
9925   9920
9925   9921
9927   9920
9927   9922
9927   9924
9928   9920
9928   9922
9929   9920
9931   9930
9932   9930
9933   9930
9933   9932
9934   9930
9934   9932
9935   9930
9936   9930
9937   9930
9938   9930
9938   9931
9938   9936
9941   9940
9942   9940
9943   9940
9944   9940
9945   9940
9946   9940
9946   9944
9947   9940
9948   9940
9948   9943
9949   9940
9951   9950
9952   9950
9953   9950
9954   9950
9956   9950
9958   9950
9958   9956
9971   9970
9972   9970
9973   9970
9974   9970
9975   9970
9975   9972
9976   9970
9976   9972
9976   9975
9977   9970
9978   9970
9979   9970
9991   9990
9992   9990
9993   9990
9993   9991
9994   9990
9995   9990
9996   9990
9997   9990
9997   9995
9998   9990
9999   9990
10001   10000
10002   10000
10003   10000
10004   10000
10005   10000
10006   10000
10007   10000
10008   10000
10008   10007
10009   10000
10021   10020
10022   10020
10023   10020
10024   10020
10025   10020
10026   10020
10026   10022
10027   10020
10028   10020
10029   10020
10031   10030
10033   10030
10033   10031
10034   10030
10035   10030
10037   10030
10037   10035
10039   10030
10041   10040
10042   10040
10043   10040
10044   10040
10045   10040
10046   10040
10046   10041
10047   10040
10048   10040
10049   10040
10051   10050
10052   10050
10053   10050
10054   10050
10055   10050
10056   10050
10056   10051
10056   10055
10057   10050
10058   10050
10058   10054
10059   10050
10059   10052
10081   10080
10082   10080
10083   10080
10084   10080
10085   10080
10086   10080
10086   10083
10088   10080
10088   10084
10089   10080
10089   10082
10091   10090
10092   10090
10093   10090
10094   10090
10095   10090
10095   10092
10096   10090
10097   10090
10097   10094
10098   10090
10098   10091
10099   10090
10099   10094
10121   10120
10122   10120
10122   10121
10123   10120
10124   10120
10125   10120
10126   10120
10127   10120
10127   10125
10128   10120
10129   10120
10141   10140
10142   10140
10143   10140
10143   10141
10144   10140
10144   10141
10146   10140
10147   10140
10148   10140
10149   10140
10149   10143
10151   10150
10152   10150
10153   10150
10154   10150
10155   10150
10156   10150
10156   10152
10157   10150
10158   10150
10158   10151
10159   10150
10159   10154
10211   10210
10212   10210
10213   10210
10214   10210
10214   10213
10215   10210
10216   10210
10216   10214
10216   10215
10217   10210
10218   10210
10231   10230
10232   10230
10233   10230
10234   10230
10235   10230
10236   10230
10236   10234
10237   10230
10238   10230
10238   10231
10251   10250
10252   10250
10253   10250
10253   10252
10254   10250
10255   10250
10256   10250
10257   10250
10258   10250
10259   10250
10259   10251
10259   10256
10281   10280
10282   10280
10283   10280
10284   10280
10285   10280
10285   10284
10286   10280
10287   10280
10288   10280
10289   10280
10289   10286
10289   10288
10311   10310
10312   10310
10313   10310
10314   10310
10315   10310
10316   10310
10316   10312
10317   10310
10317   10315
10318   10310
10319   10310
10321   10320
10322   10320
10323   10320
10324   10320
10325   10320
10328   10320
10329   10320
10341   10340
10342   10340
10343   10340
10344   10340
10345   10340
10346   10340
10347   10340
10348   10340
10349   10340
10349   10348
10351   10350
10352   10350
10353   10350
10354   10350
10355   10350
10356   10350
10356   10352
10358   10350
10359   10350
10371   10370
10372   10370
10373   10370
10374   10370
10375   10370
10376   10370
10377   10370
10377   10375
10378   10370
10379   10370
10381   10380
10382   10380
10383   10380
10383   10381
10384   10380
10385   10380
10386   10380
10387   10380
10388   10380
10388   10385
10389   10380
10389   10385
10389   10388
10411   10410
10412   10410
10413   10410
10414   10410
10414   10412
10415   10410
10416   10410
10417   10410
10418   10410
10418   10413
10418   10414
10419   10410
10431   10430
10432   10430
10433   10430
10434   10430
10436   10430
10437   10430
10437   10434
10438   10430
10439   10430
10491   10490
10492   10490
10493   10490
10494   10490
10494   10491
10495   10490
10496   10490
10496   10491
10496   10492
10497   10490
10497   10493
10501   10500
10502   10500
10503   10500
10504   10500
10505   10500
10506   10500
10507   10500
10507   10502
10507   10505
10508   10500
10508   10501
10511   10510
10512   10510
10513   10510
10514   10510
10515   10510
10516   10510
10517   10510
10517   10516
10518   10510
10518   10515
10519   10510
10531   10530
10532   10530
10533   10530
10534   10530
10534   10531
10535   10530
10536   10530
10537   10530
10538   10530
10538   10532
10539   10530
10551   10550
10552   10550
10553   10550
10554   10550
10555   10550
10556   10550
10557   10550
10558   10550
10559   10550
10561   10560
10562   10560
10563   10560
10564   10560
10565   10560
10566   10560
10567   10560
10568   10560
10569   10560
10569   10562
10581   10580
10582   10580
10583   10580
10584   10580
10585   10580
10585   10584
10586   10580
10586   10582
10587   10580
10588   10580
10589   10580
10589   10586
10591   10590
10592   10590
10593   10590
10594   10590
10595   10590
10596   10590
10596   10594
10597   10590
10598   10590
10599   10590
10601   10600
10602   10600
10603   10600
10604   10600
10605   10600
10605   10603
10606   10600
10606   10601
10607   10600
10608   10600
10609   10600
10621   10620
10622   10620
10623   10620
10624   10620
10624   10621
10625   10620
10625   10622
10627   10620
10628   10620
10629   10620
10641   10640
10642   10640
10643   10640
10644   10640
10645   10640
10646   10640
10648   10640
10648   10645
10649   10640
10649   10643
10649   10645
10649   10646
10649   10648
10691   10690
10692   10690
10693   10690
10694   10690
10695   10690
10696   10690
10697   10690
10698   10690
10699   10690
10711   10710
10712   10710
10713   10710
10714   10710
10715   10710
10716   10710
10717   10710
10717   10716
10718   10710
10718   10711
10719   10710
10721   10720
10722   10720
10724   10720
10725   10720
10727   10720
10727   10721
10727   10722
10728   10720
10728   10722
10741   10740
10742   10740
10743   10740
10744   10740
10745   10740
10745   10742
10746   10740
10747   10740
10748   10740
10748   10743
10749   10740
10761   10760
10762   10760
10763   10760
10764   10760
10765   10760
10766   10760
10766   10761
10767   10760
10767   10763
10768   10760
10769   10760
10771   10770
10772   10770
10773   10770
10774   10770
10775   10770
10776   10770
10777   10770
10778   10770
10781   10780
10782   10780
10783   10780
10784   10780
10785   10780
10786   10780
10787   10780
10788   10780
10789   10780
10789   10785
10831   10830
10832   10830
10833   10830
10833   10832
10834   10830
10835   10830
10835   10832
10835   10833
10836   10830
10837   10830
10838   10830
10838   10832
10838   10833
10838   10835
10839   10830
10851   10850
10852   10850
10852   10851
10853   10850
10854   10850
10856   10850
10856   10854
10857   10850
10858   10850
10859   10850
10859   10852
10861   10860
10862   10860
10863   10860
10864   10860
10865   10860
10866   10860
10867   10860
10867   10863
10868   10860
10868   10861
10869   10860
10911   10910
10912   10910
10913   10910
10914   10910
10915   10910
10916   10910
10917   10910
10918   10910
10919   10910
10921   10920
10922   10920
10923   10920
10924   10920
10925   10920
10926   10920
10927   10920
10928   10920
10929   10920
10929   10927
10931   10930
10932   10930
10933   10930
10934   10930
10934   10932
10935   10930
10936   10930
10936   10935
10938   10930
10939   10930
10939   10935
10939   10936
10941   10940
10942   10940
10943   10940
10944   10940
10944   10942
10945   10940
10946   10940
10946   10943
10947   10940
10947   10945
10948   10940
10949   10940
10951   10950
10952   10950
10953   10950
10954   10950
10955   10950
10956   10950
10956   10955
10957   10950
10958   10950
10959   10950
10971   10970
10972   10970
10975   10970
10977   10970
10978   10970
10979   10970
10981   10980
10983   10980
10984   10980
10984   10983
10985   10980
10986   10980
10987   10980
10988   10980
10988   10981
10989   10980